  t   cols  heapMB  unmapMB/s relMB/s ffreeMB  liveMB freeMB  thrMB warmMB chunks
   1    31    27.4       0.0     0.0     9.6     9.8    8.9   10.1   10.1    217
   2    23    27.4       0.0     0.0     8.9     9.8    1.5   10.1   10.1    217
   3    28    27.4       0.0     0.0     8.6     9.8    9.5   10.1   10.1    217
   4    23    27.4       0.0     0.0     8.2     9.8    4.0   10.1   10.1    217
   5    25    27.4       0.0     0.0     9.5     9.8   10.3   10.1   10.1    217
   6    22    27.4       0.0     0.0     9.0     9.8    6.0   10.1   10.1    217
   7    24    27.4       0.0     0.0     8.4     9.8    6.2   10.1   10.1    217
   8    25    27.4       0.0     0.0     8.9     9.9    3.1   10.2   10.2    217
   9    26    27.4       0.0     0.0     8.8     9.9    7.6   10.2   10.2    217
  10    30    27.4       0.0     0.0     8.9     9.9    6.0   10.2   10.2    217
  11    25    27.4       0.0     0.0     8.9     9.9    9.1   10.2   10.2    217
  12    25    27.4       0.0     0.0     9.0     9.9    7.4   10.2   10.2    217
  13    26    27.4       0.0     0.0     8.6     9.9    6.9   10.2   10.2    217
  14    28    27.4       0.0     0.0     8.8     9.9    4.5   10.2   10.2    217
  15    25    27.4       0.0     0.0     9.0     9.9    4.0   10.2   10.2    217
  16    25    27.4       0.0     0.0     8.9     9.9    6.1   10.2   10.2    217
  17    24    27.4       0.0     0.0     8.5     9.9    2.8   10.2   10.2    217
  18    27    27.4       0.0     0.0     9.2     9.9    6.7   10.2   10.2    217
  19    25    27.4       0.0     0.0     8.5     9.9    4.1   10.2   10.2    217
  20    25    27.4       0.0     0.0     8.5     9.9    1.9   10.2   10.2    217
  21    27    27.4       0.0     0.0     8.9     9.9    9.0   10.2   10.2    217
  22    23    27.4       0.0     0.0     8.8     9.9    0.3   10.2   10.2    217
  23    22    27.4       0.0     0.0     9.4     9.9    7.6   10.2   10.2    217
  24    26    27.4       0.0     0.0     8.9     9.9    6.6   10.2   10.2    217
  25    31    27.4       0.0     0.0     8.9     9.9    3.2   10.2   10.2    217
  26    29    27.4       0.0     0.0     9.0     9.9    6.3   10.2   10.2    217
  27    28    27.4       0.0     0.0     8.6     9.9    9.0   10.2   10.2    217
  28    31    27.4       0.0     0.0     8.6     9.9    9.4   10.2   10.2    217
  29    27    27.4       0.0     0.0     8.9     9.9    8.1   10.2   10.2    217
  30    24    27.4       0.0     0.0     8.8     9.9    2.7   10.2   10.2    217
  31    25    27.4       0.0     0.0     8.9     9.9    6.1   10.2   10.2    217
  32    24    27.4       0.0     0.0     9.0     9.9    4.0   10.2   10.2    217
  33    25    27.4       0.0     0.0     8.5     9.9    1.0   10.2   10.2    217
  34    31    27.4       0.0     0.0     9.0     9.9    8.6   10.2   10.2    217
  35    30    27.4       0.0     0.0     8.4     9.9    3.2   10.2   10.2    217
  36    26    27.4       0.0     0.0     9.1     9.9    0.5   10.2   10.2    217
  37    26    27.4       0.0     0.0     9.4     9.9    2.7   10.2   10.2    217
  38    26    27.4       0.0     0.0     8.8     9.9    9.0   10.2   10.2    217
  39    24    27.4       0.0     0.0     8.8     9.9    5.1   10.2   10.2    217
  40    26    27.4       0.0     0.0     8.5     9.9    2.0   10.2   10.2    217
  41    27    27.4       0.0     0.0     8.6     9.9    2.0   10.2   10.2    217
  42    28    27.4       0.0     0.0     8.9     9.9    6.2   10.2   10.2    217
  43    30    27.4       0.0     0.0     8.4     9.9    2.9   10.2   10.2    217
  44    28    27.4       0.0     0.0     8.6     9.9    4.4   10.2   10.2    217
  45    26    27.4       0.0     0.0     8.6     9.9    6.6   10.2   10.2    217
  46    24    27.4       0.0     0.0     8.6     9.9    5.7   10.2   10.2    217
  47    26    27.4       0.0     0.0     8.2     9.9    8.0   10.2   10.2    217
  48    26    27.4       0.0     0.0     8.6     9.9    7.8   10.2   10.2    217
  49    28    27.4       0.0     0.0     8.6     9.9    5.2   10.2   10.2    217
  50    31    27.4       0.0     0.0     8.1     9.9    1.2   10.2   10.2    217
  51    28    27.4       0.0     0.0     9.1     9.9    1.5   10.2   10.2    217
  52    30    27.4       0.0     0.0     8.9     9.9    9.7   10.2   10.2    217
  53    27    27.4       0.0     0.0     8.8     9.9    1.9   10.2   10.2    217
  54    25    27.4       0.0     0.0    10.0     9.8   10.4   10.1   10.1    217
  55    27    27.4       0.0     0.0     8.9     9.8    3.3   10.1   10.1    217
  56    28    27.4       0.0     0.0     8.5     9.9    8.7   10.2   10.2    217
  57    25    27.4       0.0     0.0     8.8     9.9    3.3   10.2   10.2    217
  58    27    27.4       0.0     0.0     8.2     9.9    1.1   10.2   10.2    217
  59    30    27.4       0.0     0.0     8.8     9.9    5.6   10.2   10.2    217
  60    18    27.7       0.0     0.0     7.9     9.9    2.4   10.2   10.2    217
