arm                     n   req/s    ratio [95% CI]             t     RSS×  faults/1k  CPU ms/10k
base                    20   42613   82.9% [  78.1,   87.7]    -7.50    1.93    1517.6       237.5
null                    20   43594   85.0% [  80.3,   89.6]    -6.78    1.93    1513.6       230.7
warm                    20   43253   84.2% [  79.6,   88.8]    -7.19    1.92     837.0       233.7
adaptive                20   42028   81.7% [  78.1,   85.3]   -10.59    1.14    1389.0       239.7
coupled                 20   42166   82.3% [  77.0,   87.6]    -6.99    1.15      71.4       239.8
boehm                   20   48708   94.9% [  90.0,   99.8]    -2.19    0.90       3.2       223.2
base-hl                 20   51649  100.0% [ 100.0,  100.0]     0.00    1.00       7.1       195.0
null-hl                 20   49842   97.1% [  92.5,  101.8]    -1.28    0.98      11.1       201.3
candidate-hl            20   52056  101.1% [  96.5,  105.7]     0.51    0.99      10.3       193.9
