arm                     n   req/s    ratio [95% CI]             t     RSS×  faults/1k  CPU ms/10k
base                    20   42613  100.0% [ 100.0,  100.0]     0.00    1.00    1517.6       237.5
null                    20   43594  103.4% [  97.4,  109.3]     1.18    1.00    1513.6       230.7
warm                    20   43253  102.4% [  96.1,  108.7]     0.79    1.00     837.0       233.7
adaptive                20   42028   99.7% [  93.6,  105.7]    -0.12    0.59    1389.0       239.7
coupled                 20   42166  100.0% [  93.3,  106.6]    -0.01    0.60      71.4       239.8
boehm                   20   48708  115.3% [ 109.2,  121.5]     5.22    0.47       3.2       223.2
base-hl                 20   51649  122.4% [ 115.2,  129.6]     6.55    0.52       7.1       195.0
null-hl                 20   49842  118.2% [ 111.7,  124.8]     5.83    0.51      11.1       201.3
candidate-hl            20   52056  122.9% [ 117.1,  128.6]     8.33    0.52      10.3       193.9
